63.6144616407
49.0225641615
72.6651132116
64.5445343418
53.6223284593
33.5768549179
55.060033482
46.6278659294
48.6986693102
69.3076285191
55.7999761617
46.197236431
32.7720340188
47.5134555694
29.2206946605
51.8694941656
56.6583577412
63.3170549574
49.4034551294
43.1158573081
50.0115652468
52.3847937814
20.1941953291
43.4030097552
50.0070668601
52.7905058186
57.0901476646
43.5343279145
44.4980858445
16.8237786745
16.5142863025
50.4513358705
45.1025157189
60.6735654118
40.5856879966
51.0310294712
47.2683895382
33.73312971
68.8843252836
48.0115859182
44.7535818984
45.124754023
42.9366172944
42.2504568139
73.1152495096
56.3534569239
45.0262125455
37.8918119844
60.4385653562
57.0806240911
57.0514060205
66.7790063027
60.1818315426
35.904815784
44.880331242
54.0769579458
54.8065093065
51.291024581
59.624849977
28.9416248051
72.7217200184
51.1563963106
62.5563398858
54.9913469023
18.3975230389
35.3846244679
12.8069776471
50.8891192324
39.3904555265
48.5142424895
58.5680623413
58.5567347669
68.204079284
42.4402250816
21.5943583409
87.7279828356
-0.254426861522
60.8225806372
60.1037122559
40.6664444964
48.2785856656
66.3065515731
50.2390090702
59.2861964444
