64.28265259
65.9564840685
83.1723133257
68.6673029986
55.3204823768
29.6798942798
66.2631856998
44.4135391832
44.3493084034
58.295089821
52.5316671252
55.6658453761
29.5869653811
44.3744453703
31.6795183411
51.8406565822
49.5869922424
63.7737253186
44.8292512065
56.0190389591
57.9410360708
46.1886231829
20.4589908788
34.8128208425
43.3296755028
53.6545901041
52.0936815262
39.1326756309
31.4864187041
-2.39367072132
7.64634230519
63.4042601224
47.1999068915
54.1754222866
43.2979706382
44.4928621878
48.0628308675
41.6398324296
73.4601096477
31.403756448
49.6593711063
45.4996098186
27.3847281209
43.0363512792
73.5780629225
58.0413023797
41.4562197374
55.7828716137
50.9434220507
60.6041480235
59.7536943083
68.2650480027
59.7183791237
39.7547391137
54.9203896603
59.5917154265
45.0757121073
46.591753959
48.8390144603
30.5518251515
75.4090205483
43.3617003922
72.1069983907
61.2776632382
18.0228609575
33.7338457543
7.27975114719
55.3373991226
50.2227904954
52.9498418334
60.9909404292
48.862630766
63.9037805184
50.7014719466
12.6558071969
72.093731531
4.41286792324
49.370140391
53.5755086168
51.0853598249
53.8272843778
70.8025812844
40.0411002983
58.8079006598
