50.6149907933
70.1211116421
46.3768546982
59.8079623233
42.9224498948
39.6507825101
60.5861554011
42.9224498948
40.0690582288
42.9224498948
55.2454480098
51.0129343507
15.31504965
40.7509125159
42.9224498948
56.8834617246
42.9224498948
64.0452276403
47.3075755666
18.6062363045
54.6519103787
41.0707143019
30.7811874255
42.9224498948
40.9043604519
58.3356888119
42.9224498948
36.9820495023
27.7185771297
23.2753040927
26.3915202311
55.0390406774
45.3588957699
42.9224498948
47.1617055577
42.9224498948
42.9224498948
45.6713475432
72.4379324481
22.738617644
56.4016977021
42.9224498948
22.6293436004
42.4932156668
46.2050254432
60.5552442005
42.9224498948
54.8050200953
42.0296121481
62.3313968132
64.931569407
61.7154502316
59.2116541307
48.1547736997
57.3523108855
65.3384268619
42.9224498948
42.9224498948
39.1161655048
15.9827786315
46.5043227827
41.8869421989
70.6526065069
54.862030795
29.2944690294
42.9224498948
29.8520324442
50.0106960927
60.6999688824
57.3588242111
56.6465447548
42.9224498948
58.1877822147
55.2252664466
20.8789820615
34.5951622726
19.7650359887
42.9224498948
36.9643298781
51.2329647908
64.7210206043
51.6995845274
33.3812934689
59.9767531922
