65.3756895878
50.7195646172
76.9666738889
67.8463597874
59.6855253609
39.3204381594
60.1321680813
55.5407267854
50.3915939374
70.3194921352
57.0433233084
45.3532092962
34.0547331384
47.1269244791
28.8250212502
52.6452580422
57.9755518327
66.345961844
50.8338645933
41.4945102497
50.605261803
52.8196959369
21.2344169561
39.0014816098
47.8446800145
51.296943222
60.4065193911
43.083383516
41.6682755551
14.541572489
12.3058293839
53.4463118132
46.3038737659
61.8158935541
37.9665919243
55.5158901965
49.5063549307
36.6983254926
68.9598241589
46.0048295435
44.8689857071
44.6509221106
41.3195143157
41.6498249572
75.6699712487
60.1635936147
43.8162889213
46.1510818719
58.8258356374
58.5587616814
58.6996400615
69.3485038196
54.1380678655
34.2366629553
45.5286315415
57.5755479592
57.5765607874
53.6321548377
64.7644410166
30.2407010927
79.8701977707
50.7621617992
64.9880719543
57.37951577
20.2302733611
39.8201524944
13.1225490485
52.1764433796
37.180967562
48.8334051006
59.9347009444
61.1258916791
62.4372946796
47.4406113355
19.9720781926
87.8699959878
-1.83619285407
57.9669170322
57.7641298967
41.5399126813
47.7909857289
64.4906340938
49.8086742968
57.8807416661
